True
[[7 6 8]
 [1 4 3]
 [0 5 2]]
Success Found Path
The Start State :
[[7 6 8]
 [1 4 3]
 [0 5 2]]
The Goal State : 
[[1 2 3]
 [4 5 6]
 [7 8 0]]
States Explored : 5779
Iterations Requried to Reach Success : 3735

Total Number of States on Path : 26
Optimal Path 
[[7 6 8]
 [1 4 3]
 [0 5 2]]

[[7 6 8]
 [1 4 3]
 [5 0 2]]

[[7 6 8]
 [1 0 3]
 [5 4 2]]

[[7 6 8]
 [1 3 0]
 [5 4 2]]

[[7 6 0]
 [1 3 8]
 [5 4 2]]

[[7 0 6]
 [1 3 8]
 [5 4 2]]

[[7 3 6]
 [1 0 8]
 [5 4 2]]

[[7 3 6]
 [0 1 8]
 [5 4 2]]

[[7 3 6]
 [5 1 8]
 [0 4 2]]

[[7 3 6]
 [5 1 8]
 [4 0 2]]

[[7 3 6]
 [5 1 8]
 [4 2 0]]

[[7 3 6]
 [5 1 0]
 [4 2 8]]

[[7 3 0]
 [5 1 6]
 [4 2 8]]

[[7 0 3]
 [5 1 6]
 [4 2 8]]

[[7 1 3]
 [5 0 6]
 [4 2 8]]

[[7 1 3]
 [5 2 6]
 [4 0 8]]

[[7 1 3]
 [5 2 6]
 [0 4 8]]

[[7 1 3]
 [0 2 6]
 [5 4 8]]

[[0 1 3]
 [7 2 6]
 [5 4 8]]

[[1 0 3]
 [7 2 6]
 [5 4 8]]

[[1 2 3]
 [7 0 6]
 [5 4 8]]

[[1 2 3]
 [7 4 6]
 [5 0 8]]

[[1 2 3]
 [7 4 6]
 [0 5 8]]

[[1 2 3]
 [0 4 6]
 [7 5 8]]

[[1 2 3]
 [4 0 6]
 [7 5 8]]

[[1 2 3]
 [4 5 6]
 [7 0 8]]

[[1 2 3]
 [4 5 6]
 [7 8 0]]

Optimal Cost of the Path , Same as Depth : 26


│real    3m4.824s
│user    3m4.891s
│sys     0m1.627s
Path Length = 1000