True
[[2 1 5]
 [8 3 7]
 [0 6 4]]
Success Found Path
The Start State :
[[2 1 5]
 [8 3 7]
 [0 6 4]]
The Goal State : 
[[1 2 3]
 [4 5 6]
 [7 8 0]]
States Explored : 1237
Iterations Requried to Reach Success : 790

Total Number of States on Path : 22
Optimal Path 
[[2 1 5]
 [8 3 7]
 [0 6 4]]

[[2 1 5]
 [0 3 7]
 [8 6 4]]

[[0 1 5]
 [2 3 7]
 [8 6 4]]

[[1 0 5]
 [2 3 7]
 [8 6 4]]

[[1 3 5]
 [2 0 7]
 [8 6 4]]

[[1 3 5]
 [2 6 7]
 [8 0 4]]

[[1 3 5]
 [2 6 7]
 [8 4 0]]

[[1 3 5]
 [2 6 0]
 [8 4 7]]

[[1 3 5]
 [2 0 6]
 [8 4 7]]

[[1 3 5]
 [0 2 6]
 [8 4 7]]

[[1 3 5]
 [8 2 6]
 [0 4 7]]

[[1 3 5]
 [8 2 6]
 [4 0 7]]

[[1 3 5]
 [8 2 6]
 [4 7 0]]

[[1 3 5]
 [8 2 0]
 [4 7 6]]

[[1 3 0]
 [8 2 5]
 [4 7 6]]

[[1 0 3]
 [8 2 5]
 [4 7 6]]

[[1 2 3]
 [8 0 5]
 [4 7 6]]

[[1 2 3]
 [0 8 5]
 [4 7 6]]

[[1 2 3]
 [4 8 5]
 [0 7 6]]

[[1 2 3]
 [4 8 5]
 [7 0 6]]

[[1 2 3]
 [4 0 5]
 [7 8 6]]

[[1 2 3]
 [4 5 0]
 [7 8 6]]

[[1 2 3]
 [4 5 6]
 [7 8 0]]

Optimal Cost of the Path , Same as Depth : 22
